8.010000
10.600000
10.660000
10.010000
10.990000
10.580000
11.700000
10.590000
9.160000
12.180000
12.080000
7.150000
7.700000
10.300000
18.830000
8.440000
8.970000
7.050000
13.130000
17.270000
22.940000
8.090000
9.960000
12.680000
21.290000
7.090000
7.360000
12.280000
11.770000
10.190000
11.520000
8.970000
10.810000
13.790000
8.700000
6.640000
8.610000
10.210000
8.910000
13.510000
8.340000
16.620000
10.720000
10.120000
7.620000
10.690000
9.850000
9.730000
11.840000
10.810000
11.410000
7.970000
9.030000
10.400000
11.840000
21.300000
11.630000
10.060000
7.740000
15.810000
20.000000
8.920000
10.250000
27.900000
12.030000
13.500000
10.430000
7.730000
25.840000
9.580000
13.050000
11.410000
9.160000
11.680000
8.610000
10.940000
8.710000
21.600000
11.430000
16.200000
9.250000
10.420000
21.450000
8.910000
12.090000
12.760000
10.920000
11.430000
12.820000
13.020000
9.960000
9.780000
15.630000
9.630000
11.990000
11.380000
10.920000
12.500000
8.540000
9.700000
7.890000
9.760000
11.500000
9.060000
8.460000
8.560000
10.540000
19.710000
13.370000
14.120000
18.630000
10.240000
23.710000
13.220000
11.250000
42.880000
14.640000
8.490000
9.760000
17.920000
9.250000
14.860000
12.790000
13.780000
10.940000
35.930000
8.540000
15.260000
17.210000
12.370000
10.590000
13.810000
10.930000
19.500000
11.050000
10.190000
11.060000
14.930000
21.540000
12.690000
9.210000
9.700000
12.600000
10.410000
15.430000
13.680000
18.130000
13.250000
11.500000
10.540000
37.470000
16.290000
7.650000
8.640000
20.870000
9.140000
9.210000
9.150000
14.560000
10.530000
14.810000
18.510000
10.580000
10.360000
9.480000
14.530000
14.560000
13.990000
47.440000
12.060000
13.630000
17.980000
11.450000
14.840000
10.810000
9.360000
7.950000
13.350000
11.560000
11.930000
9.210000
10.010000
11.550000
13.360000
9.010000
16.450000
9.650000
11.400000
8.780000
10.720000
14.380000
9.210000
15.050000
9.020000
13.810000
9.790000
10.360000
13.920000
12.040000
12.100000
9.380000
13.480000
8.960000
10.810000
23.640000
14.020000
10.020000
9.820000
12.710000
14.610000
11.040000
14.570000
17.340000
9.100000
11.360000
12.320000
11.850000
11.810000
8.950000
12.810000
8.830000
8.680000
8.460000
16.000000
14.100000
11.910000
7.920000
15.070000
13.520000
14.600000
11.240000
13.220000
10.040000
8.460000
9.240000
28.970000
17.180000
9.120000
11.820000
11.930000
12.480000
11.360000
12.850000
9.850000
11.380000
8.430000
7.910000
10.490000
11.450000
12.810000
27.750000
9.540000
14.010000
9.590000
25.640000
9.990000
12.420000
14.740000
15.480000
8.740000
13.970000
20.610000
10.770000
9.620000
14.750000
13.930000
9.430000
11.270000
15.170000
16.930000
36.060000
22.590000
14.670000
13.970000
12.960000
21.460000
8.320000
8.540000
11.960000
13.290000
12.810000
12.290000
12.260000
9.150000
15.880000
12.320000
14.320000
11.250000
13.360000
16.690000
8.460000
10.670000
20.870000
9.090000
11.020000
10.920000
21.180000
11.950000
9.500000
24.960000
10.700000
11.090000
13.260000
8.080000
10.180000
6.110000
16.450000
11.540000
11.630000
10.600000
13.100000
11.220000
31.220000
10.370000
10.300000
11.950000
14.060000
12.960000
9.170000
30.830000
14.710000
9.080000
9.190000
28.240000
11.330000
6.460000
7.280000
11.630000
13.380000
14.080000
15.330000
12.160000
10.710000
13.090000
87.660000
13.750000
25.300000
8.710000
18.690000
13.640000
12.300000
11.090000
18.370000
12.190000
12.670000
34.130000
11.840000
21.790000
12.040000
12.490000
20.460000
10.830000
19.750000
13.270000
11.320000
13.980000
13.360000
11.320000
9.940000
8.320000
11.240000
13.040000
9.560000
14.240000
10.780000
13.650000
9.820000
12.120000
9.030000
21.740000
18.530000
11.900000
10.330000
12.980000
32.870000
12.330000
32.040000
15.340000
12.790000
14.290000
11.340000
11.560000
11.420000
16.000000
14.300000
130.780000
15.910000
12.980000
12.730000
12.800000
11.960000
12.590000
13.580000
12.620000
14.450000
11.630000
13.160000
12.500000
14.010000
12.970000
13.090000
13.090000
12.350000
67.370000
13.130000
11.480000
13.410000
10.820000
9.280000
11.150000
18.290000
9.530000
13.790000
10.810000
24.600000
9.250000
12.950000
9.470000
59.340000
13.330000
10.450000
21.520000
13.790000
15.650000
13.840000
11.250000
15.270000
11.650000
11.910000
11.190000
10.440000
19.210000
11.370000
33.820000
12.300000
9.030000
10.950000
22.360000
9.240000
12.270000
14.440000
24.000000
13.110000
12.510000
9.890000
14.610000
10.870000
29.570000
11.400000
11.500000
11.930000
46.940000
19.330000
11.180000
15.290000
15.590000
12.700000
12.150000
11.310000
10.680000
8.210000
8.620000
16.860000
9.530000
13.240000
11.800000
14.120000
12.820000
9.310000
11.230000
21.890000
8.310000
16.220000
12.730000
13.180000
11.840000
13.080000
19.750000
17.030000
10.900000
15.870000
9.900000
8.380000
9.450000
18.510000
11.050000
28.090000
10.260000
26.650000
28.450000
41.660000
11.750000
10.100000
9.870000
9.160000
24.720000
11.170000
14.270000
14.560000
10.760000
16.930000
8.280000
23.160000
9.690000
15.540000
11.720000
16.800000
9.340000
13.350000
15.710000
11.200000
10.780000
11.390000
11.020000
15.140000
13.030000
11.320000
9.730000
13.730000
14.350000
18.230000
13.160000
9.390000
12.370000
12.470000
13.040000
10.690000
13.420000
22.890000
13.790000
9.000000
12.380000
11.490000
20.670000
11.840000
16.630000
21.030000
17.200000
11.060000
8.580000
13.540000
14.600000
9.520000
9.760000
13.770000
8.630000
11.200000
12.130000
18.840000
11.940000
10.860000
12.900000
12.640000
12.890000
20.040000
14.540000
13.290000
11.000000
9.660000
9.360000
10.580000
11.410000
11.370000
9.740000
10.820000
9.080000
11.440000
8.920000
9.620000
15.260000
9.890000
13.370000
16.090000
13.070000
17.280000
10.810000
13.230000
10.620000
18.520000
8.850000
18.560000
9.860000
15.630000
15.390000
9.910000
12.700000
18.350000
14.520000
9.850000
13.720000
10.500000
18.260000
11.650000
43.000000
11.890000
15.270000
29.180000
17.270000
25.040000
19.950000
9.510000
10.520000
21.380000
11.420000
9.310000
12.310000
23.120000
12.530000
16.230000
7.370000
13.490000
8.610000
8.400000
11.000000
12.960000
9.020000
9.000000
22.450000
12.070000
17.460000
11.770000
11.690000
14.920000
8.840000
9.470000
9.050000
29.800000
11.020000
12.620000
16.800000
10.550000
9.620000
11.530000
11.630000
36.780000
10.450000
11.420000
11.400000
14.940000
10.870000
10.670000
9.990000
16.020000
13.680000
13.600000
15.280000
11.100000
15.610000
10.210000
29.350000
12.340000
10.600000
24.740000
8.040000
11.190000
8.110000
13.250000
10.910000
11.280000
16.460000
9.680000
11.150000
17.950000
7.870000
10.570000
9.940000
8.820000
8.920000
11.160000
8.930000
12.300000
8.540000
11.820000
12.400000
11.080000
39.010000
8.540000
9.150000
11.180000
11.350000
10.790000
12.420000
8.150000
11.810000
17.400000
10.990000
9.090000
11.800000
11.510000
15.620000
13.870000
13.010000
9.660000
7.350000
7.120000
11.970000
8.690000
12.070000
12.760000
17.610000
8.800000
10.370000
28.690000
19.390000
11.630000
12.990000
10.890000
16.650000
20.630000
8.140000
8.370000
9.080000
13.220000
13.850000
11.030000
40.530000
10.790000
14.250000
8.340000
12.600000
12.480000
11.680000
11.830000
12.610000
16.340000
9.680000
8.170000
13.610000
15.600000
8.190000
11.650000
35.540000
13.180000
12.120000
6.890000
18.120000
9.190000
19.550000
8.850000
23.450000
11.020000
12.910000
10.370000
11.490000
10.250000
11.690000
17.020000
11.000000
12.070000
11.240000
11.210000
19.780000
9.880000
9.630000
12.690000
14.450000
9.280000
11.180000
9.590000
9.260000
11.340000
19.750000
15.100000
8.640000
14.920000
15.200000
10.130000
14.940000
19.570000
16.870000
11.960000
12.560000
13.330000
15.520000
13.020000
13.980000
13.180000
14.700000
22.050000
11.490000
15.110000
20.710000
13.700000
10.780000
19.990000
12.080000
9.540000
11.700000
13.980000
11.800000
12.730000
10.810000
13.010000
8.660000
12.890000
10.010000
11.090000
14.010000
15.760000
10.800000
12.850000
21.970000
13.760000
12.360000
15.990000
13.750000
17.560000
12.430000
14.030000
15.670000
10.550000
9.320000
11.390000
17.260000
13.620000
12.120000
10.670000
12.530000
7.970000
9.850000
13.540000
11.120000
9.360000
10.920000
8.780000
9.530000
10.670000
12.560000
11.170000
11.830000
25.110000
11.960000
8.640000
11.930000
11.010000
31.220000
11.320000
12.620000
19.960000
10.530000
21.350000
14.920000
14.780000
10.960000
15.940000
13.800000
11.730000
36.270000
15.450000
8.750000
12.810000
12.600000
11.880000
10.310000
13.170000
12.440000
11.420000
11.340000
14.200000
12.890000
10.040000
11.860000
16.610000
9.480000
17.960000
10.210000
8.560000
10.080000
14.400000
14.410000
8.840000
20.750000
11.890000
17.210000
7.660000
22.230000
10.910000
10.640000
9.730000
10.820000
11.640000
12.080000
22.850000
17.190000
16.350000
13.570000
31.910000
13.520000
12.360000
11.520000
10.350000
20.620000
14.770000
12.040000
10.520000
20.240000
11.230000
12.170000
12.930000
8.040000
9.150000
11.050000
18.480000
14.480000
12.740000
11.080000
28.860000
10.960000
10.240000
17.370000
12.210000
10.060000
7.450000
11.390000
12.100000
8.420000
13.270000
10.930000
12.080000
6.650000
7.740000
14.040000
10.520000
14.640000
10.550000
10.570000
11.460000
17.310000
10.320000
9.850000
12.390000
11.470000
13.600000
9.390000
21.960000
12.940000
11.600000
10.850000
15.640000
11.380000
8.890000
10.620000
10.900000
13.670000
12.310000
14.350000
11.920000
11.920000
13.250000
13.290000
11.500000
9.830000
22.160000
13.690000
9.910000
8.520000
13.960000
12.530000
11.380000
24.350000
13.090000
14.130000
10.640000
17.930000
11.360000
10.010000
11.830000
11.580000
15.700000
10.970000
11.850000
15.290000
13.680000
12.580000
11.080000
14.700000
11.800000
15.040000
11.690000
18.350000
12.120000
9.250000
9.590000
8.720000
10.030000
14.180000
22.440000
15.000000
25.120000
24.740000
11.940000
11.350000
12.180000
21.280000
17.280000
11.020000
14.460000
9.500000
9.780000
7.310000
12.860000
7.350000
11.840000
8.580000
10.090000
11.440000
12.630000
9.760000
13.910000
8.360000
6.740000
9.710000
8.940000
8.540000
14.140000
7.290000
9.920000
9.670000
10.390000
9.920000
12.470000
7.660000
9.210000
10.520000
8.890000
11.370000
9.510000
9.240000
9.790000
8.980000
13.610000
9.200000
9.130000
10.610000
13.690000
11.170000
9.980000
10.820000
11.370000
9.350000
11.430000
22.850000
40.350000
13.490000
10.330000
14.130000
14.120000
7.850000
9.380000
11.650000
10.320000
11.250000
9.630000
54.480000
18.280000
10.570000
7.800000
7.110000
13.860000
15.300000
9.130000
13.580000
9.820000
7.800000
8.400000
9.600000
12.470000
11.490000
12.480000
8.430000
11.270000
12.180000
13.670000
8.070000
8.120000
11.630000
9.990000
12.170000
9.780000
8.970000
11.970000
12.700000
10.820000
14.180000
10.590000
12.470000
10.440000
13.680000
8.560000
8.370000
8.600000
19.770000
21.360000
22.680000
12.470000
9.550000
11.060000
14.510000
11.890000
13.450000
22.510000
13.100000
8.830000
10.200000
23.970000
11.480000
9.060000
15.330000
27.130000
12.660000
25.350000
9.710000
15.840000
20.030000
9.090000
12.010000
14.640000
16.350000
13.520000
9.370000
14.220000
14.810000
12.100000
8.530000
12.620000
14.870000
10.490000
9.780000
17.440000
11.200000
11.480000
11.350000
29.060000
16.160000
8.870000
6.670000
11.460000
12.190000
10.230000
12.900000
7.650000
13.240000
12.670000
10.170000
10.010000
12.500000
10.200000
12.030000
10.610000
13.700000
21.790000
9.660000
18.050000
9.700000
14.450000
14.790000
9.110000
9.260000
13.450000
16.420000
8.480000
13.670000
11.210000
10.620000
8.500000
12.010000
12.490000
13.210000
11.080000
27.300000
8.240000
9.140000
16.940000
10.970000
10.900000
12.410000
14.040000
23.580000
10.570000
14.230000
10.960000
10.480000
8.980000
8.010000
11.560000
10.180000
11.500000
10.610000
25.430000
11.590000
12.210000
11.560000
37.780000
11.950000
12.740000
24.590000
8.090000
14.100000
9.720000
12.820000
18.640000
12.710000
11.620000
11.580000
8.850000
12.650000
13.820000
9.020000
9.530000
11.490000
18.740000
12.850000
11.280000
9.980000
12.090000
13.450000
9.710000
14.190000
17.280000
10.280000
10.610000
11.870000
8.470000
14.220000
9.920000
11.350000
13.600000
24.470000
10.450000
12.310000
12.150000
11.100000
11.820000
12.120000
8.410000
11.250000
15.530000
11.860000
11.310000
9.080000
21.130000
11.640000
14.030000
11.560000
10.600000
9.090000
9.070000
7.900000
8.200000
7.680000
15.150000
9.960000
8.200000
14.360000
11.890000
14.740000
11.250000
8.310000
8.970000
8.970000
12.120000
15.700000
14.680000
13.170000
10.110000
10.970000
10.380000
10.550000
19.110000
30.010000
9.640000
9.150000
26.580000
26.240000
10.550000
11.130000
10.300000
16.040000
12.630000
8.800000
17.980000
7.750000
11.280000
11.980000
13.390000
18.760000
8.120000
8.420000
12.090000
8.340000
13.950000
13.250000
10.220000
15.420000
18.360000
17.890000
10.450000
12.440000
12.200000
13.680000
8.960000
12.530000
9.090000
12.130000
9.280000
9.640000
9.230000
9.860000
16.330000
14.720000
9.270000
8.520000
11.470000
12.800000
11.580000
9.880000
10.120000
16.830000
10.490000
21.350000
9.230000
14.630000
9.480000
8.830000
11.900000
8.670000
49.330000
10.240000
11.400000
8.210000
13.060000
9.780000
11.740000
9.540000
20.390000
10.440000
11.150000
9.880000
9.550000
13.050000
10.270000
11.080000
7.810000
11.770000
10.070000
9.040000
11.370000
8.340000
8.480000
8.570000
12.460000
12.750000
24.140000
12.870000
10.340000
11.060000
9.910000
10.420000
11.090000
10.240000
9.410000
12.080000
12.950000
9.180000
13.820000
7.790000
9.480000
17.050000
10.730000
9.230000
12.800000
10.290000
11.900000
11.750000
11.570000
11.880000
10.840000
13.110000
9.470000
9.400000
10.610000
9.920000
9.700000
9.040000
8.330000
12.560000
16.990000
10.480000
10.670000
9.700000
16.190000
15.580000
11.610000
9.270000
12.430000
8.970000
13.780000
9.910000
14.410000
12.700000
12.700000
9.470000
13.430000
12.190000
10.190000
13.120000
9.100000
10.350000
11.730000
12.810000
14.280000
8.750000
10.410000
13.900000
8.820000
11.670000
9.600000
11.950000
14.540000
13.460000
10.920000
9.480000
14.590000
10.020000
10.020000
9.120000
11.200000
12.340000
11.690000
10.640000
10.340000
13.810000
11.670000
14.050000
14.610000
7.710000
13.470000
11.700000
9.500000
8.610000
8.200000
12.070000
12.590000
9.940000
10.170000
7.920000
9.760000
17.000000
10.220000
13.260000
13.710000
34.240000
14.660000
17.940000
17.950000
9.750000
15.160000
13.460000
10.960000
13.440000
14.570000
14.700000
12.850000
14.620000
14.620000
10.620000
13.790000
18.900000
33.740000
9.980000
17.730000
8.400000
10.160000
11.900000
13.500000
14.420000
11.140000
11.050000
9.950000
15.070000
24.550000
9.250000
9.910000
25.360000
14.710000
9.820000
11.200000
22.360000
9.100000
16.320000
11.680000
19.120000
12.480000
14.790000
9.080000
22.390000
12.810000
9.010000
8.440000
17.440000
10.210000
13.470000
11.290000
20.430000
14.990000
9.460000
11.200000
16.780000
9.060000
14.370000
8.770000
10.390000
11.950000
9.370000
9.260000
12.320000
12.230000
11.800000
13.350000
9.560000
12.470000
9.560000
9.070000
13.010000
8.480000
8.630000
12.670000
10.550000
7.820000
13.440000
21.640000
14.500000
8.620000
13.980000
11.230000
11.010000
8.860000
62.950000
12.290000
14.870000
11.000000
10.870000
13.660000
13.860000
9.380000
16.340000
12.270000
12.050000
8.510000
18.630000
22.330000
11.640000
9.550000
37.700000
8.760000
14.680000
8.900000
9.040000
11.460000
13.580000
9.080000
10.530000
9.170000
14.950000
9.920000
11.950000
20.600000
8.330000
8.370000
12.700000
13.040000
8.560000
10.870000
9.810000
11.920000
12.450000
12.890000
10.310000
7.200000
18.810000
18.610000
10.920000
8.410000
7.630000
10.320000
12.370000
8.570000
10.630000
8.910000
13.830000
13.860000
13.860000
15.940000
12.310000
28.770000
12.170000
8.640000
8.880000
11.090000
14.660000
8.510000
24.290000
9.660000
10.510000
10.000000
32.520000
10.010000
8.170000
12.780000
27.610000
12.900000
23.030000
8.790000
13.270000
8.920000
8.820000
12.810000
9.950000
10.300000
11.950000
13.550000
10.640000
10.880000
12.170000
8.720000
9.900000
9.000000
11.600000
18.920000
10.630000
7.910000
22.770000
10.910000
9.460000
8.910000
16.380000
8.300000
9.340000
8.840000
15.670000
11.630000
10.550000
10.870000
18.680000
13.850000
17.690000
9.910000
11.190000
11.210000
11.120000
9.880000
10.290000
13.730000
11.490000
10.060000
8.910000
7.840000
8.000000
10.830000
10.130000
7.980000
9.070000
8.760000
8.300000
8.040000
9.650000
8.960000
8.830000
10.140000
14.240000
11.940000
14.320000
13.540000
14.650000
12.440000
9.330000
10.090000
20.210000
11.200000
9.110000
8.610000
13.470000
15.750000
13.720000
11.600000
9.410000
9.570000
8.940000
11.850000
16.640000
11.010000
8.620000
15.620000
9.000000
9.810000
21.350000
11.320000
12.270000
14.520000
13.990000
9.250000
8.790000
12.400000
13.940000
8.400000
12.690000
10.090000
9.820000
9.410000
9.120000
13.440000
15.430000
10.170000
12.980000
11.570000
14.190000
9.920000
10.800000
9.010000
15.480000
14.140000
14.500000
13.790000
22.840000
12.920000
11.400000
7.950000
12.230000
15.550000
10.130000
10.290000
21.090000
13.890000
8.960000
15.770000
10.560000
9.110000
13.860000
8.660000
11.980000
11.590000
12.640000
7.960000
16.470000
12.510000
9.320000
9.690000
8.020000
8.390000
11.540000
8.620000
8.500000
16.780000
13.850000
13.560000
20.130000
10.590000
11.510000
13.470000
11.220000
12.050000
8.840000
10.180000
19.240000
14.100000
11.690000
12.560000
13.090000
18.050000
11.740000
10.290000
19.770000
13.740000
11.310000
21.910000
11.440000
11.800000
8.830000
12.190000
13.300000
10.230000
9.550000
10.450000
12.320000
8.490000
12.500000
13.400000
10.180000
10.380000
9.170000
8.850000
15.060000
20.070000
11.940000
11.070000
10.220000
11.330000
21.590000
12.390000
7.060000
12.820000
11.660000
14.540000
14.130000
8.470000
12.810000
14.540000
10.640000
10.600000
11.100000
8.750000
11.170000
14.380000
14.330000
11.630000
13.290000
9.340000
13.760000
10.330000
11.810000
9.460000
7.990000
17.370000
12.840000
9.660000
13.160000
18.280000
9.430000
11.030000
15.020000
9.750000
9.280000
8.070000
9.100000
11.480000
9.530000
9.870000
12.850000
9.400000
12.090000
12.670000
9.780000
8.230000
9.500000
11.930000
12.740000
15.170000
13.930000
10.880000
9.320000
21.470000
12.080000
14.400000
12.130000
10.140000
14.680000
9.710000
10.610000
9.390000
12.380000
12.510000
7.290000
12.380000
26.340000
13.100000
12.260000
15.640000
8.030000
9.380000
10.500000
16.490000
13.850000
11.150000
13.490000
12.550000
7.620000
8.380000
13.620000
11.320000
13.370000
10.900000
14.800000
13.100000
10.970000
10.290000
13.640000
12.430000
18.120000
11.360000
8.160000
17.960000
11.630000
8.130000
8.050000
8.420000
9.840000
12.920000
10.290000
11.830000
17.830000
14.250000
8.950000
10.370000
10.380000
11.790000
13.870000
12.170000
21.020000
22.330000
10.420000
11.830000
16.330000
13.010000
11.710000
8.170000
18.970000
9.210000
13.000000
9.520000
32.300000
13.580000
12.120000
7.790000
11.450000
12.780000
12.500000
9.230000
9.090000
21.830000
14.470000
17.090000
10.700000
9.710000
11.830000
11.950000
11.140000
11.670000
11.920000
15.670000
10.410000
9.790000
9.370000
17.220000
9.280000
10.380000
20.250000
10.220000
9.810000
10.720000
20.650000
14.710000
11.370000
9.340000
11.810000
8.500000
9.790000
11.810000
23.940000
15.400000
9.630000
29.230000
11.220000
10.460000
12.180000
12.230000
9.430000
11.530000
11.620000
11.460000
15.850000
13.690000
15.750000
12.180000
11.360000
13.830000
12.780000
8.370000
9.230000
11.850000
10.590000
25.830000
12.130000
12.730000
18.340000
8.940000
27.140000
11.820000
12.280000
15.160000
8.740000
9.880000
14.390000
16.750000
12.050000
9.860000
15.340000
14.700000
14.850000
9.720000
7.240000
9.260000
10.930000
7.470000
8.730000
8.900000
11.430000
8.490000
10.200000
9.900000
9.180000
10.160000
8.130000
11.600000
10.930000
11.800000
9.910000
9.530000
24.900000
10.420000
8.180000
17.150000
7.350000
12.110000
11.090000
12.160000
12.890000
11.060000
11.810000
10.410000
25.390000
8.880000
9.030000
9.550000
7.990000
14.150000
8.370000
8.700000
9.750000
11.920000
8.220000
17.450000
7.020000
12.790000
10.110000
15.670000
9.990000
10.460000
11.130000
9.500000
9.500000
11.470000
20.760000
14.240000
13.010000
10.280000
8.920000
12.450000
10.770000
13.090000
11.440000
10.590000
12.350000
8.180000
11.070000
11.620000
12.780000
7.530000
18.070000
7.260000
10.630000
21.150000
11.410000
11.700000
11.210000
11.770000
10.920000
7.020000
20.970000
7.370000
9.410000
12.050000
12.050000
12.490000
7.520000
8.900000
8.660000
8.110000
28.370000
10.140000
8.730000
11.730000
6.090000
5.780000
8.800000
8.700000
7.170000
7.780000
6.860000
8.400000
10.720000
9.220000
8.080000
8.220000
10.080000
10.170000
10.010000
10.640000
13.200000
7.800000
10.930000
7.000000
6.190000
9.860000
6.030000
24.020000
7.470000
9.810000
6.660000
12.610000
8.410000
42.320000
12.820000
9.250000
11.330000
10.030000
14.690000
27.270000
7.040000
9.210000
8.250000
6.870000
22.150000
14.930000
13.520000
14.470000
10.100000
9.640000
10.590000
28.810000
14.740000
9.460000
8.730000
7.080000
7.400000
11.930000
5.900000
13.140000
11.330000
6.940000
10.550000
8.780000
9.530000
7.190000
9.000000
9.480000
18.060000
10.370000
13.180000
8.460000
10.650000
8.940000
11.020000
10.910000
9.170000
10.270000
9.170000
14.470000
33.610000
12.210000
10.290000
8.150000
12.850000
11.340000
10.380000
8.320000
18.340000
8.370000
10.770000
9.050000
32.070000
8.400000
14.370000
11.900000
11.420000
13.690000
27.390000
10.180000
16.360000
11.540000
9.600000
12.740000
12.730000
9.230000
12.270000
33.820000
7.620000
8.800000
14.080000
9.860000
13.860000
8.960000
22.430000
10.380000
14.000000
11.330000
8.690000
14.170000
11.520000
10.080000
7.760000
12.320000
10.920000
12.430000
7.530000
13.910000
13.010000
9.730000
33.950000
9.410000
9.620000
8.420000
12.600000
13.180000
8.460000
8.700000
9.340000
14.340000
17.760000
15.970000
8.500000
11.350000
8.890000
8.340000
8.120000
11.370000
8.440000
12.770000
9.290000
15.050000
12.540000
12.350000
11.540000
11.160000
9.980000
13.220000
21.030000
12.300000
15.400000
10.470000
10.540000
11.930000
16.500000
12.660000
11.690000
9.750000
9.380000
6.810000
10.170000
8.680000
25.020000
10.850000
15.620000
10.610000
14.930000
13.460000
7.590000
10.630000
12.380000
14.160000
9.590000
13.540000
11.830000
8.820000
9.700000
10.030000
9.660000
8.370000
8.030000
13.390000
10.290000
12.870000
9.780000
8.670000
8.690000
11.680000
9.150000
8.310000
13.430000
11.260000
11.880000
17.460000
12.370000
16.740000
13.000000
45.260000
11.530000
11.080000
10.160000
9.300000
10.600000
8.020000
9.700000
9.360000
14.630000
16.200000
7.210000
10.000000
20.650000
10.110000
11.330000
8.990000
15.740000
18.570000
13.690000
10.640000
16.260000
12.210000
8.300000
13.690000
10.940000
8.740000
15.500000
13.190000
11.810000
9.560000
13.010000
9.300000
19.470000
11.520000
14.970000
17.090000
19.300000
12.030000
14.670000
10.680000
11.820000
13.620000
12.210000
14.390000
11.920000
14.360000
11.940000
11.420000
9.100000
11.650000
13.930000
9.750000
12.130000
15.280000
9.920000
13.560000
11.790000
11.840000
11.540000
12.600000
12.340000
12.340000
11.650000
8.690000
13.230000
12.160000
8.680000
9.660000
15.820000
11.020000
9.850000
9.550000
14.610000
10.750000
12.470000
10.410000
12.440000
12.300000
8.710000
16.630000
29.390000
13.230000
10.270000
11.430000
8.860000
9.780000
12.060000
28.550000
9.530000
10.670000
8.910000
10.940000
11.610000
12.860000
8.650000
11.030000
11.820000
22.010000
9.700000
12.380000
13.580000
11.100000
13.850000
14.950000
10.870000
8.390000
17.300000
10.970000
11.220000
11.760000
10.060000
22.050000
12.680000
13.990000
11.090000
13.040000
12.110000
13.240000
11.750000
10.620000
14.880000
10.910000
9.380000
14.680000
18.460000
11.550000
14.160000
10.940000
13.580000
8.240000
14.260000
9.440000
13.280000
15.500000
19.840000
14.780000
12.210000
15.290000
16.010000
8.990000
11.320000
15.300000
11.580000
9.960000
9.490000
10.870000
12.500000
8.970000
17.110000
12.370000
8.670000
16.470000
21.370000
10.880000
10.510000
10.170000
11.240000
16.370000
12.910000
12.560000
12.870000
9.480000
9.850000
9.980000
16.510000
12.740000
12.490000
11.070000
12.330000
10.840000
12.320000
12.080000
20.060000
10.210000
11.080000
8.200000
12.640000
12.510000
10.190000
15.710000
11.310000
11.930000
15.850000
16.060000
12.910000
9.140000
10.890000
13.240000
24.140000
9.990000
10.540000
8.920000
11.830000
13.410000
14.060000
11.410000
16.650000
10.760000
12.370000
24.940000
9.590000
13.150000
11.300000
11.950000
12.280000
15.320000
29.090000
9.250000
13.930000
22.970000
11.700000
8.760000
11.640000
17.780000
12.160000
12.300000
11.020000
11.900000
20.790000
10.970000
11.470000
9.990000
9.160000
16.820000
12.770000
7.950000
10.960000
8.930000
12.940000
12.900000
9.640000
11.710000
12.420000
18.130000
11.000000
18.020000
9.050000
14.620000
13.210000
15.520000
8.220000
13.640000
9.510000
12.460000
13.800000
14.300000
13.310000
10.750000
18.580000
13.470000
9.970000
15.910000
9.970000
21.850000
8.580000
16.350000
11.790000
13.170000
11.570000
7.470000
12.030000
7.180000
9.330000
22.570000
11.340000
16.420000
10.620000
13.240000
22.570000
14.780000
17.650000
23.900000
16.600000
12.840000
14.050000
12.600000
18.990000
9.730000
12.680000
10.830000
13.630000
12.320000
11.770000
15.270000
7.940000
9.420000
15.090000
16.260000
22.920000
10.950000
14.250000
12.520000
13.950000
13.670000
13.660000
14.590000
10.690000
10.160000
11.110000
19.800000
10.660000
10.540000
26.020000
40.000000
13.820000
11.280000
11.170000
10.490000
9.370000
27.050000
12.360000
15.040000
12.800000
11.150000
12.410000
11.030000
24.460000
10.580000
11.580000
13.070000
10.750000
14.740000
11.130000
7.310000
19.680000
8.990000
14.160000
11.470000
28.950000
11.740000
13.010000
14.550000
10.510000
8.350000
10.610000
9.150000
12.470000
15.950000
9.330000
11.800000
11.930000
8.020000
10.190000
10.440000
34.510000
12.260000
14.570000
16.780000
12.450000
12.530000
14.020000
38.030000
12.850000
21.780000
13.140000
9.350000
12.280000
13.830000
10.230000
15.000000
14.940000
14.740000
11.780000
11.550000
15.080000
13.200000
13.410000
12.680000
16.380000
9.660000
10.880000
10.130000
11.880000
13.710000
11.180000
14.030000
10.900000
12.210000
12.850000
13.780000
14.030000
12.760000
14.000000
9.790000
11.420000
15.740000
11.510000
13.850000
13.800000
28.210000
13.220000
11.470000
10.320000
10.740000
12.120000
13.230000
9.360000
12.690000
10.720000
10.090000
13.610000
12.220000
10.360000
9.920000
8.450000
9.610000
12.210000
13.050000
11.350000
11.560000
12.580000
11.810000
17.350000
13.400000
8.980000
21.790000
15.370000
9.740000
14.180000
13.690000
9.300000
11.180000
25.380000
12.080000
11.160000
16.350000
13.960000
13.180000
12.360000
14.610000
11.750000
19.780000
21.220000
13.520000
12.150000
13.910000
13.640000
7.390000
11.310000
14.070000
11.800000
11.340000
10.750000
11.960000
8.730000
9.650000
23.460000
10.820000
25.420000
13.020000
10.210000
9.220000
10.040000
9.230000
16.930000
10.630000
10.850000
10.210000
13.010000
14.650000
11.470000
16.000000
11.300000
15.320000
22.920000
31.930000
8.760000
19.810000
10.810000
9.110000
9.950000
8.670000
14.460000
14.150000
33.970000
11.390000
13.670000
14.600000
11.440000
11.730000
7.680000
11.230000
11.420000
13.930000
11.260000
14.150000
9.670000
15.020000
8.980000
14.260000
11.150000
11.050000
15.430000
13.170000
12.660000
12.680000
10.640000
9.580000
14.470000
15.440000
12.660000
12.820000
12.770000
10.220000
16.050000
15.500000
15.170000
20.310000
20.180000
8.600000
10.180000
8.590000
10.750000
13.930000
14.430000
14.530000
12.610000
14.020000
12.270000
11.530000
12.790000
23.830000
12.800000
11.810000
12.990000
13.220000
12.260000
15.880000
11.840000
11.170000
12.660000
13.330000
12.750000
15.230000
16.090000
14.740000
13.500000
12.750000
11.970000
11.280000
14.210000
16.560000
17.900000
9.970000
9.610000
14.310000
17.290000
12.760000
63.650000
11.300000
12.740000
10.690000
14.290000
14.840000
12.250000
13.610000
13.700000
12.780000
14.530000
12.140000
10.330000
13.050000
11.320000
41.750000
12.910000
14.530000
11.910000
12.550000
11.390000
12.660000
13.660000
9.670000
10.490000
10.860000
11.870000
9.990000
59.230000
11.550000
14.320000
12.580000
21.540000
10.690000
11.810000
16.100000
10.350000
12.380000
11.040000
24.490000
12.950000
16.310000
11.080000
13.100000
7.750000
7.630000
9.650000
12.330000
15.200000
8.290000
13.630000
15.360000
8.340000
17.030000
17.950000
10.280000
9.150000
12.310000
12.890000
9.550000
9.410000
11.270000
14.100000
11.640000
10.470000
13.250000
19.940000
14.250000
11.390000
10.660000
23.410000
10.200000
11.900000
14.630000
9.900000
11.150000
13.470000
12.070000
17.100000
11.620000
10.010000
9.250000
15.220000
9.840000
12.660000
13.220000
12.380000
24.940000
11.920000
11.370000
11.220000
12.920000
11.670000
9.280000
16.920000
10.950000
12.190000
12.670000
9.700000
12.110000
11.080000
9.510000
9.460000
18.710000
15.490000
11.530000
13.350000
11.400000
22.420000
12.380000
9.930000
13.360000
11.070000
10.560000
11.850000
11.170000
12.730000
11.410000
7.730000
17.840000
10.060000
14.040000
20.960000
11.160000
20.770000
12.870000
32.730000
10.740000
12.420000
21.000000
12.450000
12.030000
13.040000
12.590000
9.290000
9.790000
10.090000
12.220000
9.920000
14.730000
11.050000
10.670000
15.610000
12.020000
12.450000
20.060000
9.610000
10.010000
9.690000
8.590000
14.940000
10.440000
15.670000
12.490000
11.140000
12.480000
0.676700
1.819800
0.716500
0.757000
2.424300
1.127800
0.700300
2.241100
0.699700
2.306400
0.708500
2.288500
0.708800
0.700700
0.723900
1.066500
2.372600
2.308900
2.394500
2.373000
2.361500
2.456600
0.741800
2.409900
0.705700
2.337500
2.419200
2.398500
1.210500
1.123300
0.754400
2.479400
2.580400
0.735100
0.784300
0.735600
2.458200
2.563300
0.764900
2.490600
0.760800
2.544700
0.737700
0.848600
0.742600
0.768300
2.577000
0.757200
2.565700
0.788500
0.746200
1.291700
2.616300
2.593000
0.851000
2.504900
2.592100
0.753500
0.770200
2.576300
2.565800
0.766700
1.036100
0.783400
2.889800
2.709200
2.575200
2.593000
2.621400
0.779300
2.617700
0.783800
0.785400
2.559600
1.297500
0.776800
2.573000
0.766700
1.303100
2.635400
2.621400
2.531200
2.556200
0.768500
2.543000
2.555500
2.585200
0.787500
0.773600
2.647400
2.614400
0.780700
2.647900
0.788500
2.618100
2.120000
2.667200
2.625000
2.548800
2.581800
0.772700
2.695600
2.775200
0.860700
0.843100
0.822500
0.798300
2.520500
0.789500
0.816900
2.254900
2.576500
0.842700
0.799400
2.623100
2.649000
2.850900
0.777900
2.662600
0.781800
2.620300
2.734500
2.688300
0.790500
1.411200
2.707400
2.653200
0.777900
0.795400
0.814700
0.787600
0.780400
2.618800
2.590700
2.621000
2.681000
0.782700
2.645700
2.628600
0.811800
2.641600
0.776700
2.621600
2.523800
2.595300
2.506100
2.530900
2.504100
2.602200
2.618700
0.799200
0.817400
2.684600
2.648100
1.646100
2.558400
2.610200
2.636500
2.623800
0.783900
2.556600
0.771500
0.784900
2.626700
1.238100
0.791500
1.035800
0.785900
2.643400
2.586400
2.633600
0.786500
2.589700
1.056500
2.288200
3.434700
0.787600
2.758900
2.127200
2.323400
2.705900
2.580000
0.794600
1.230400
2.648000
2.670400
0.779400
1.206300
2.555800
2.572800
0.785500
2.636600
2.569600
2.679600
2.561000
0.766700
0.786600
2.591900
2.535700
2.704300
2.606500
2.566300
2.677200
2.602000
0.774200
2.020900
2.663000
1.964500
2.554900
2.584300
2.736200
2.006100
0.787200
0.792400
0.610400
2.548100
0.823300
0.767500
1.504600
0.884300
2.009700
0.786700
2.633800
2.046700
2.128600
2.173400
2.648700
2.601800
1.820700
0.607300
2.546500
2.675800
2.683400
1.306900
2.047700
2.002700
0.616600
0.774800
0.812300
0.599700
2.104000
2.583200
0.825400
1.943800
0.805400
0.802000
3.195400
2.626800
2.534800
0.799900
2.128600
2.856100
1.215200
2.672000
2.028900
2.072200
0.831000
0.825700
2.543700
2.026300
0.788900
0.786200
0.807300
3.448800
2.102900
0.792000
0.773900
0.650400
2.239600
0.833500
0.826600
0.799200
2.654900
2.084300
0.788700
2.640700
2.606700
2.581000
2.136500
0.654300
2.658700
2.222600
2.603900
2.686400
2.563900
0.776600
2.563400
2.601600
2.691400
2.755800
2.543300
0.781300
0.884400
1.514900
2.629700
0.791900
2.580900
2.628900
2.545900
1.047800
2.555100
2.557900
2.586900
2.855200
2.666300
0.782400
0.772800
2.575100
1.227100
2.571500
0.798200
2.588000
2.281400
0.786400
2.631200
2.692600
2.578700
2.612100
0.820900
2.661900
2.642100
2.601300
2.588500
2.530800
2.675700
0.827000
1.941300
0.707700
3.360500
0.813700
1.755300
2.391600
2.363600
2.666700
2.530200
2.703700
2.558800
2.189500
2.630900
2.667300
2.567900
2.807300
0.783000
2.760200
2.516600
2.719000
2.555600
2.532200
0.782500
2.624200
2.610600
2.613800
0.789600
0.782400
2.579300
1.225200
2.736700
2.679000
2.631700
1.460900
2.632400
2.625200
2.607800
2.526400
2.679700
2.656700
2.654000
2.591300
0.807000
2.616400
2.611100
0.781200
2.535500
2.531300
2.578700
2.636400
2.651900
0.818500
2.528300
0.782900
0.780200
2.551100
2.553200
2.575000
2.549300
2.584500
0.780000
0.801200
2.821400
2.607800
2.656100
2.434000
0.778600
0.839200
0.782800
0.804300
0.780700
1.028200
2.693800
2.643400
0.772800
2.520600
0.783400
2.403800
0.781400
2.610900
0.804600
2.670800
0.780900
2.755300
2.578300
0.788000
0.807300
0.765700
2.548000
2.616000
2.688300
2.274600
2.546900
2.547800
2.619500
2.598800
2.585300
2.486300
2.635300
0.800000
2.549000
2.647700
0.780200
0.792500
2.598100
2.681800
0.867700
2.607900
0.779400
2.693800
0.810900
2.588600
2.584000
0.801000
2.619500
2.795400
2.554500
0.812000
2.645700
2.723600
0.780700
2.576500
2.697500
2.626900
0.784700
0.773000
1.388800
0.799300
2.533300
2.686600
2.538300
2.642100
2.658300
2.768200
0.791100
2.606600
2.574000
0.808800
0.799400
2.627800
3.401300
1.156700
0.817500
2.622700
2.678000
2.605700
0.777900
2.827100
2.617500
0.787600
2.583800
0.801500
2.569800
2.767900
2.656500
0.797600
2.667600
0.807600
0.786000
2.634100
0.789800
2.616600
0.784100
2.649300
2.639100
2.575300
2.530000
0.790800
2.627900
2.520100
0.837000
2.612200
0.779900
2.619700
2.618000
0.791200
2.549300
0.786300
0.856700
2.601700
2.674000
2.619400
2.723400
3.177900
2.595500
2.683600
0.793900
0.826100
2.709800
2.618900
2.560300
2.633500
2.587500
0.788700
0.779800
2.603100
0.791200
3.718000
0.788400
2.552800
2.645100
2.533300
2.541100
2.653300
2.661800
2.621200
2.986600
2.591200
0.789300
0.775300
2.600600
2.705300
0.778500
2.678700
2.623200
2.567400
2.698500
1.712100
2.596900
2.581600
2.640400
0.782500
2.605100
2.684600
2.630000
2.653500
0.804200
2.716500
2.630900
2.657500
2.647000
2.564600
0.811700
2.580300
2.556000
2.562000
0.798300
2.600300
2.584600
2.834500
2.564700
0.788800
2.770300
2.582500
2.639100
2.579700
0.785300
2.534800
2.705000
1.676300
2.070000
2.619200
0.777800
2.263900
2.680900
2.637500
2.590900
0.818800
2.603100
2.810400
0.844300
2.636800
2.632500
0.786200
0.778400
2.117100
2.544500
2.583700
0.806800
2.759800
0.795800
0.801600
3.027200
2.538100
0.799500
0.788200
2.549400
2.631500
2.598500
2.591700
2.562200
2.530100
2.523300
0.782000
2.549000
0.768200
2.610400
0.823500
2.717600
2.625000
2.631000
2.495900
2.658500
0.832200
2.665600
0.782000
2.759100
0.886600
2.583600
2.652000
0.831700
2.573700
0.768200
2.721800
0.899100
0.872300
0.816400
2.542800
2.672300
2.660600
2.692600
2.813800
2.571000
2.512700
2.675300
2.598000
2.570100
0.782700
2.673400
2.581800
2.555200
3.476500
2.562900
2.632200
2.641800
2.532700
2.529100
2.604800
0.802000
0.795200
2.607200
2.608600
0.789000
0.782800
0.777700
0.819700
0.781400
2.565200
2.631500
0.796800
0.781800
0.855600
2.628000
0.785300
2.655300
0.810700
2.690700
0.816000
0.782100
2.660700
0.773600
0.785500
0.809700
2.618300
0.773900
2.590900
2.535200
0.792300
0.779600
2.605400
2.591400
2.559800
2.554200
2.745500
0.784400
2.561500
0.855700
2.592500
2.562700
0.770400
2.696700
2.612700
2.580900
2.636400
1.444500
2.651400
0.805800
0.801000
2.869200
2.649600
2.674500
2.687700
2.519600
2.728700
2.626800
2.531900
2.710900
0.841100
2.680300
2.759200
2.636200
0.791600
2.573900
2.665700
0.803400
2.582700
2.772000
0.851700
2.635800
0.775300
1.869000
2.657200
0.832000
0.829600
0.789200
2.524800
2.766500
2.634200
2.568900
2.586600
0.786700
2.714900
0.774400
2.620100
2.717700
2.561700
0.827800
1.015500
2.643100
0.812300
2.657000
2.603200
0.820200
2.534400
0.782100
2.602600
2.902400
2.713500
2.601900
0.805000
1.915300
0.767800
0.783600
1.926400
2.695000
2.684600
2.558800
2.660400
1.025600
2.629500
0.937600
2.592000
2.620500
0.783400
0.867700
2.619800
0.804700
2.568400
0.832200
0.804700
2.618700
0.783600
0.779200
2.898000
2.617300
2.563200
2.662300
0.780800
2.559800
2.586800
0.768200
2.606200
2.734300
2.648300
2.593000
2.663300
2.556800
0.814200
0.858700
2.672300
2.790600
0.768300
2.615200
2.815600
2.588300
2.593700
0.777100
0.827600
2.639300
0.786800
2.659200
0.976100
2.648100
2.617100
0.784400
2.654900
0.781800
0.787800
0.793900
2.695100
0.814100
2.663200
2.711600
2.751000
2.634700
2.529200
2.575300
0.779000
2.636100
0.779300
0.808200
2.526900
0.793800
0.827600
0.788300
0.786200
0.775200
2.609000
0.782000
2.655700
2.570100
0.774100
2.573600
0.787200
0.794900
0.833300
0.787500
0.804300
0.794000
2.608300
2.619000
0.821400
2.600200
0.831500
2.606700
2.641500
2.680500
0.761800
1.711600
2.500200
0.789600
2.668700
1.207200
2.580300
0.793900
2.568400
2.649300
2.669300
0.785900
2.629800
1.843700
2.880400
0.803000
2.607200
2.547000
2.559400
0.814800
2.069800
2.646800
2.672300
1.312200
2.111700
0.829000
0.790300
2.700400
2.602100
2.641500
2.560100
2.657800
3.324100
2.615500
2.626000
2.596300
2.709300
2.633300
2.603700
2.602700
0.825500
0.781900
2.678300
2.778900
2.597100
2.680300
2.537100
2.620500
2.586700
0.786400
2.535600
2.658100
1.324100
2.610000
2.202200
0.806900
2.700800
2.612200
2.670700
2.530600
1.244500
0.794000
0.833200
2.586400
2.710500
2.570400
1.534100
2.559500
2.909900
2.646000
2.559000
2.752600
2.589500
2.652200
0.776200
0.785100
2.694100
2.606700
2.609300
2.665700
2.549800
0.810500
2.567500
0.882300
2.552900
2.657400
2.539500
2.655900
0.787700
2.582800
2.626000
2.741200
2.544200
0.782800
0.794600
2.649600
2.656300
2.581900
1.755100
1.884600
2.551700
2.658000
0.838800
2.179600
2.566500
2.742400
2.619200
2.595700
2.615200
2.704400
2.599900
2.617200
2.656000
2.571200
2.550800
2.641800
2.554900
2.717600
2.653100
2.601300
2.552500
2.628900
2.585600
2.519700
2.658300
2.565300
2.513500
0.790300
0.787100
2.538700
2.568900
2.660800
2.524200
2.536800
2.538200
2.636500
2.605600
2.552700
2.609200
0.793300
0.781800
0.794100
2.641600
2.734000
0.783000
2.567000
1.604500
2.271000
2.310500
2.294900
2.227500
0.868600
2.275600
2.260000
2.293400
2.255900
2.204900
0.683800
2.333800
2.258700
0.705400
2.252000
2.258500
2.346500
2.299000
2.393900
0.707500
2.438300
2.298600
1.595100
1.168000
2.488300
2.396100
2.437700
2.379500
2.840700
2.385800
2.412700
2.416100
2.457600
2.421800
2.405600
0.756000
2.427100
2.489700
2.534000
2.497100
2.405700
2.439700
2.451100
0.746300
0.757400
0.739200
2.476500
0.767300
1.004000
2.592700
2.678700
2.559500
0.764200
0.764200
0.755200
0.754900
2.567800
0.983900
2.568700
0.795100
2.517500
2.470500
2.693400
0.797400
0.763100
0.774400
0.778800
2.689200
0.783500
2.641000
1.184400
2.565800
0.803900
0.802100
0.847600
1.699500
0.778300
2.596300
0.878900
2.600100
0.804300
2.585800
0.788900
2.632600
0.802300
2.495800
0.804100
0.785200
2.563100
0.820000
2.613100
2.753200
2.566000
0.780800
0.786100
0.801300
2.618100
2.545600
2.561400
2.654100
0.787600
2.543600
2.555300
0.777800
2.637100
2.617500
2.609200
2.573100
1.219600
2.547200
2.546900
2.666300
2.563300
2.529300
2.602000
2.588000
2.610200
2.063400
2.579600
2.881900
2.598000
2.567400
2.618400
2.530100
2.569300
0.785300
2.619100
2.586600
2.613100
2.623600
1.785300
2.539200
0.779700
0.778100
0.807800
1.044200
2.648800
0.784000
2.576800
0.815600
2.567700
0.798100
2.229700
0.790300
1.858100
0.793600
2.876000
2.567700
2.664700
2.599500
2.533300
2.660300
2.645300
2.610400
2.555300
2.610700
2.685600
2.552900
2.548700
2.693800
2.680900
2.703300
0.787900
0.772100
0.775000
2.736400
2.592600
2.558800
2.857800
2.577900
2.617600
2.654800
0.768500
2.258400
2.599500
0.806400
0.769000
0.767100
0.790900
2.644700
2.554000
2.605900
2.050000
2.014600
2.073100
1.950900
1.983300
0.787200
2.609100
1.178200
1.296100
2.654100
2.638500
2.039900
0.612200
0.603200
0.780300
1.995400
2.669900
2.587300
0.791600
2.031800
0.779100
2.057600
2.032800
2.074200
0.723900
0.628800
2.000600
0.788100
2.101100
0.805500
2.639700
0.825600
0.642000
2.104500
2.222100
2.125100
0.766300
0.782900
2.105700
2.600100
0.639100
2.082100
2.182900
0.777400
0.805400
2.157200
0.663200
2.217600
0.784700
2.213200
0.649700
2.138500
2.181300
0.659000
2.481500
2.207000
2.207600
0.650200
0.668400
0.678100
1.597900
2.235700
0.888200
2.188200
0.770300
0.654200
2.241300
2.247100
2.589100
2.224800
2.357700
2.289100
0.817700
0.676600
0.774400
2.331700
2.700800
2.266800
2.254000
2.235500
0.737100
2.410600
0.704000
2.355600
2.558500
0.705600
1.607500
2.361100
2.387100
0.968400
2.343600
2.288000
0.781300
1.579200
2.386300
0.833400
1.520800
0.782800
2.387300
2.354800
0.786700
2.645800
2.293500
2.340000
2.400000
2.492300
0.879000
2.421800
2.439600
2.331500
0.953900
2.473200
1.033900
0.736400
2.392400
0.742400
2.488700
2.367200
2.436300
1.145600
2.460900
1.869500
2.453900
0.741000
2.399400
2.603100
2.515000
2.600700
2.059900
0.793400
2.571600
2.570000
0.798400
0.779000
2.546700
0.793300
2.505300
0.781400
2.557800
2.526000
2.619500
2.545700
2.540100
2.617900
0.780100
2.536000
2.657100
2.716100
2.562600
2.630700
2.635900
0.832800
0.798800
0.797900
2.467400
0.832100
2.668100
0.803300
2.568100
2.642400
0.800500
2.634700
2.117400
2.637600
2.562000
2.631200
2.597200
2.625800
2.645100
0.776200
0.781500
2.572400
0.792400
0.780100
2.033100
0.808600
2.688100
2.573300
0.782900
2.356600
2.625500
2.614800
2.678200
0.797400
2.673100
2.563400
2.649200
1.241600
0.779100
0.783500
0.798900
2.590500
2.533600
1.189300
0.781000
2.693900
2.543000
2.558600
0.814200
2.667500
2.663700
2.586200
2.515700
0.785700
0.765200
0.784100
0.781700
2.517600
2.405600
2.555000
2.608000
0.773900
0.809900
0.819900
0.785000
2.651700
0.797700
0.779300
2.571700
0.936600
2.663400
2.753200
0.790200
0.770700
0.786600
2.218300
2.579000
0.818100
2.580000
2.558800
0.829300
0.843300
0.786900
1.209700
2.639900
0.788500
2.529800
2.576900
0.791600
2.531800
0.780100
2.577700
2.603000
2.636100
3.538800
0.800600
0.793800
2.668200
1.459500
2.666800
2.625500
0.851200
2.596700
2.649500
0.858600
2.630400
2.575200
0.804400
2.608600
2.631800
2.574500
2.567400
2.549800
2.653000
2.478300
2.537000
2.678000
2.688300
0.804200
0.808500
2.676300
2.575700
1.278200
2.626100
0.801700
0.848300
2.569900
2.613000
2.667000
2.644300
1.351500
0.790500
2.579400
0.766200
2.343700
0.801900
0.791200
2.592300
1.320800
0.775500
0.783700
0.785100
0.821900
2.550800
2.543900
2.657400
1.578400
0.802200
1.183100
2.527200
0.784200
0.804800
0.779000
2.560900
0.803700
0.920200
2.678500
2.971300
2.632900
0.798700
1.517300
2.631300
2.640100
0.802700
2.690400
2.650200
2.623700
2.576300
2.622500
2.549500
5.502400
2.548100
0.783500
2.680300
2.580500
0.785300
0.810700
0.773100
0.777900
0.951700
0.787800
2.588000
1.524600
2.603000
2.606700
0.782200
0.771700
2.605500
0.789600
2.586400
0.869500
2.541400
0.852900
0.807200
2.572300
0.767800
2.579100
2.618100
0.790500
2.629200
0.797500
0.800200
2.603900
0.791700
2.589200
2.632700
0.783000
2.554500
2.595100
0.795300
0.809600
2.624700
2.486100
2.565200
2.565700
2.577100
2.702800
2.565700
2.599200
2.675100
2.598700
2.655700
2.675500
2.604900
2.479200
2.685900
2.682700
2.652700
0.793800
2.617500
0.771700
0.780800
2.610300
2.648500
0.775700
2.557200
0.805600
2.712800
0.763300
2.713400
2.557600
2.537300
0.873000
2.603900
2.538200
2.630300
0.778400
2.641200
0.786600
2.247500
2.592100
1.769200
0.793200
0.778400
2.569600
2.723300
2.667500
0.777200
2.604100
0.805900
0.784700
0.801100
0.861700
2.551700
0.781100
0.783500
0.776300
0.803400
2.672200
0.779900
2.635400
0.833200
0.770900
2.540600
2.596400
0.780100
2.678200
1.208900
0.803700
2.617800
0.819200
2.584600
0.829900
2.304700
0.799000
2.637200
1.164600
0.791000
0.815500
0.786100
1.464500
0.791500
2.528200
0.778400
0.858200
1.141700
0.779100
0.791300
2.651600
2.657300
2.787500
0.803500
0.794200
0.806600
2.527700
1.084700
2.555000
2.598600
2.614100
2.572700
2.585700
0.770800
0.778700
3.273400
1.251900
2.657100
0.856100
0.785300
0.777300
2.554500
2.593200
2.615000
2.580000
2.640300
0.799800
0.832100
0.895600
0.814400
2.733300
0.801200
0.783200
2.602400
0.836700
0.837300
2.576000
2.633800
0.776500
2.724200
1.042500
2.654400
0.794800
2.633300
2.640800
0.777700
0.764900
0.787800
2.666800
0.790200
2.586600
2.553900
2.585200
2.554700
3.465300
2.534800
2.530500
2.660900
0.814100
2.629800
2.584200
2.593500
2.628200
2.583300
2.636600
0.782800
2.626500
2.621400
2.709200
2.678800
2.644100
2.875900
2.633800
0.798300
0.794600
0.792200
0.824800
0.792200
0.775900
2.585200
0.798600
0.808200
0.794900
2.641000
0.786300
1.094600
0.778800
2.651300
0.815900
2.529500
2.596400
2.548600
2.588000
2.609400
0.861400
2.522000
2.632200
0.790900
2.616000
0.789800
0.792800
2.621100
0.790700
0.802000
2.572800
0.860800
0.806000
0.781800
0.776400
2.573300
2.807700
2.564500
0.779800
0.774800
0.807000
2.726000
2.599100
2.233000
0.854700
0.793800
2.678700
1.307900
0.807600
0.781100
0.809500
2.591400
0.876400
2.633800
0.788900
0.782300
1.388800
2.523300
2.652200
0.779000
0.773700
2.591900
2.594400
2.622600
0.783900
2.555700
2.564400
2.687100
2.555800
0.818200
0.793000
2.572400
0.816800
0.787000
2.652000
2.532900
0.928700
0.820900
2.686200
1.822900
0.778700
0.783800
0.796900
0.781100
2.634000
0.803200
1.400700
0.893800
2.592600
2.561100
2.643100
1.638500
2.589300
2.616500
0.790900
0.789200
0.797600
2.592800
0.772800
0.779700
0.788200
2.627100
2.670100
0.792000
2.675000
0.782700
2.604500
0.769000
0.781900
2.643700
2.636400
2.610700
0.786600
2.638700
2.551200
0.804100
2.566000
0.784600
2.577400
2.666900
2.556500
2.605800
2.660700
0.799800
2.673400
0.794200
0.801400
2.713600
2.629700
1.988700
2.697800
2.581600
2.612000
2.536700
2.534300
2.578800
2.670500
0.794100
2.573500
0.815100
2.547100
0.781400
0.786700
2.705300
2.637200
0.809700
2.611600
0.807200
0.811900
0.793300
0.806700
0.773300
2.564300
2.598800
1.590800
1.225500
2.568700
0.776300
0.786300
2.582800
0.785500
1.662300
2.634900
2.641400
0.851000
2.624900
2.672400
2.715200
2.635600
2.443300
0.775500
2.661200
2.537600
1.726100
2.574100
2.101900
0.820000
2.610800
1.729300
0.801700
2.601000
2.555700
1.048700
3.739100
2.613500
2.608700
0.781300
0.971900
0.783600
2.665000
1.054400
2.591800
0.962400
0.781500
0.785500
2.685600
2.656500
1.924400
2.639900
2.703800
2.554100
2.554800
0.764300
0.820600
2.605400
2.605300
2.607800
0.798000
0.884900
0.825300
0.803100
0.789400
2.607800
0.773400
2.779600
2.583100
1.195300
0.778000
2.677400
0.813100
0.799600
2.590700
2.561700
2.651900
0.776300
2.656600
0.849700
2.584900
0.792500
0.811300
0.804900
2.598200
0.779800
2.579700
0.784400
0.845200
2.588700
2.241600
0.770900
0.788500
0.814900
2.843900
0.783800
0.788200
0.798600
2.609600
0.823800
0.786400
0.783400
0.786200
0.801800
2.563600
2.542300
2.127800
2.607400
2.627500
1.802800
2.582100
2.294000
0.782600
0.777600
2.587700
0.782600
0.788100
2.615000
2.606100
0.772200
2.610200
2.596500
2.283200
2.562700
2.694500
0.788700
1.215700
2.723600
2.605000
2.577900
2.644500
2.764300
0.778100
2.551100
2.618000
0.832300
0.775900
0.792700
2.629600
2.649200
2.564300
2.603100
2.620500
2.619000
0.790200
2.215000
2.641700
1.017600
2.573600
0.808100
0.811800
2.636200
2.587900
0.820500
0.798000
2.671300
2.434500
0.773800
2.601400
2.664600
0.877100
2.601300
2.601200
2.675400
0.812300
0.819700
0.774000
2.553400
1.241400
2.552600
2.655200
2.512000
2.548600
2.616200
2.548400
2.538500
2.632400
2.616400
2.574900
2.615900
0.770700
2.543900
2.617500
2.590300
2.652700
2.430700
2.766300
2.595300
2.690400
0.768300
2.721300
0.784500
0.818300
0.798800
1.305300
2.631300
2.608100
2.638700
2.738100
2.735100
2.580900
2.589000
3.196400
2.730400
2.604300
0.793600
1.018900
2.598500
2.575200
0.784400
0.778300
0.814200
0.805900
2.646500
2.607100
2.894600
0.801200
0.782800
2.636900
2.751300
2.623600
0.791800
0.774600
2.590100
2.610500
0.777400
2.580200
0.859900
0.778400
2.668600
2.676900
2.714700
2.578100
2.512900
3.032800
2.558300
0.874100
2.740500
2.638800
2.663100
2.566700
2.691600
2.558200
0.799500
0.773000
2.701300
2.773500
0.779400
0.785600
2.840200
2.609600
0.780600
2.597100
0.816300
2.506600
0.790900
2.665800
2.655400
0.783300
0.771800
0.811100
2.581000
2.560000
2.645600
3.384500
2.633400
2.551500
2.560600
0.822800
1.734500
2.608400
0.770100
2.701700
2.787500
0.799600
0.788100
1.687500
2.574800
2.672300
2.572600
2.586800
2.579200
2.571900
2.556300
2.709100
0.773100
2.525600
0.792100
2.739600
2.682500
2.567200
2.540000
2.554800
0.806200
2.568400
2.635000
2.529900
2.636800
2.622800
2.621900
1.556300
2.699600
2.644000
0.918500
2.619100
2.608000
0.889800
2.831000
2.585000
2.636900
2.624200
5.132100
0.795600
2.618900
2.714800
2.584600
3.011500
2.668100
2.716800
2.608900
2.631800
0.870300
2.628400
2.890900
0.776400
2.566100
2.566400
2.542900
2.624500
2.614400
2.701400
2.600700
2.781400
2.522100
1.293700
2.558800
2.590400
3.399100
2.605600
2.627900
0.802700
2.574900
2.594700
2.622800
2.626400
2.680400
2.662600
0.782700
2.123500
0.800900
2.596600
2.552400
2.552700
0.781900
2.587100
2.638000
0.784100
2.642500
0.771200
2.599900
2.620500
0.793000
2.673200
2.574700
2.700400
2.530000
2.593400
0.797300
0.818900
2.556000
0.823500
2.653700
2.557300
2.518400
2.693900
2.650500
2.564800
0.770700
1.200200
0.808800
2.341000
0.783900
0.820100
2.575800
2.657500
2.547400
2.758900
2.658800
2.623900
2.548100
2.826500
0.798100
3.144000
2.311000
2.714400
0.789000
2.562900
2.545400
2.634600
2.693200
2.506900
0.775500
2.692900
0.770500
0.815400
2.583200
0.792000
0.782400
2.530800
0.790100
0.797100
2.569500
2.663300
2.565300
0.776800
2.556400
0.813300
2.543300
0.775100
2.588900
2.655100
2.566500
3.903500
2.677400
2.659200
0.825000
0.797300
2.564300
0.789900
0.812500
2.475100
2.612700
2.677600
2.744200
1.093800
2.565400
2.685600
0.855800
0.804200
2.605800
2.652800
2.566000
2.598200
2.570400
2.192600
2.544400
2.568200
0.774300
0.769300
1.418100
2.597900
2.464600
2.799000
2.649900
0.857200
2.655900
2.591500
3.159500
0.777100
0.769400
2.603400
0.775400
2.617000
2.573700
2.571100
2.699400
0.792600
2.526200
1.235500
2.567400
0.803400
2.626400
2.641600
0.936000
0.802700
2.613100
0.795700
2.634400
2.592900
2.061200
0.763300
2.569400
2.634800
2.630900
2.539700
2.643200
0.802200
2.612700
2.533000
2.584000
2.566400
2.634800
0.768900
2.639300
0.775800
0.780600
2.621100
0.795700
2.679800
0.786000
0.821500
0.785200
2.361000
2.588200
0.775000
2.705300
0.791100
0.796800
2.577800
1.665200
0.802800
2.636600
0.811200
0.774300
3.114100
0.790200
0.814100
2.650700
0.804600
2.636700
2.707000
2.607000
2.579200
2.670300
0.797500
2.631400
2.750800
0.776400
2.603100
1.434400
2.644500
0.791100
0.847800
2.525200
2.657100
2.652100
0.802400
2.581700
2.547400
0.770200
2.646700
0.792500
2.700700
0.828300
2.620100
2.559500
0.818400
2.667800
2.683500
2.674300
2.768400
2.653600
2.662200
2.478200
2.566200
2.629300
2.567100
0.774400
2.867300
2.634700
0.785700
2.592300
0.829500
2.629000
2.582200
2.552300
0.799400
2.600000
2.638000
2.449800
2.759300
0.923400
2.683900
2.638700
2.594600
2.531900
3.467400
2.426700
2.618300
0.779000
2.874000
0.804400
0.783400
2.631800
2.725600
0.807800
2.554500
2.580500
0.825500
0.779800
0.795000
1.211600
2.664700
2.521200
2.571500
2.599100
0.793000
0.822000
2.648700
0.785900
2.664600
2.674600
0.777300
2.184700
2.661000
2.626500
2.667300
0.791300
2.719300
0.795900
2.484500
0.829800
2.030900
0.785800
2.565300
0.825000
2.630800
1.838400
0.774200
3.507500
0.901500
2.599100
0.780300
2.566200
2.652000
2.560700
0.821700
2.608800
2.548200
0.796000
1.596800
2.640600
2.530700
2.661200
2.579100
0.784300
2.573400
2.659200
2.690400
2.713100
2.599600
2.583800
0.774400
0.786500
2.715000
0.788100
0.780600
2.047100
2.777400
2.591700
0.810200
0.770100
2.591200
0.791900
0.806500
0.791900
2.608100
2.708400
2.647200
2.226600
2.601900
2.573000
2.539900
2.658100
2.677200
2.595800
2.664600
2.629500
2.632000
2.567700
2.550700
2.755300
2.663900
2.699500
2.846800
0.811400
2.607400
0.773400
2.675300
2.775100
2.666400
0.784800
2.536900
0.814100
0.796300
2.555400
2.651500
2.534900
2.614900
0.792200
1.667700
0.801300
2.548100
2.555000
2.576100
0.787600
2.650000
2.651400
2.659800
2.699600
2.622000
2.680600
0.789200
2.561300
2.604900
2.552000
2.550500
1.013700
0.769000
2.757200
0.801500
0.793000
0.787300
2.660400
2.627800
2.585000
2.616200
2.808900
2.606000
2.595100
2.672100
2.740600
0.792800
2.595400
0.815000
2.770300
2.660900
2.594500
2.606900
0.828600
2.614300
0.799300
0.784400
0.822100
2.739600
0.775600
2.541200
2.613200
2.646400
2.561600
2.623200
2.881100
2.751200
2.574700
2.647600
0.794500
2.579200
2.714300
2.725100
2.580600
2.590900
2.598700
2.705400
2.572600
2.657600
0.799200
0.808200
0.779500
0.772300
2.615400
2.642700
7.737700
0.785900
2.674100
0.793200
2.556000
2.564900
0.795500
2.601900
1.215200
2.673600
0.780200
0.783100
0.825400
0.809000
0.797500
2.162800
0.792500
2.657200
1.275500
1.447300
2.661200
2.654700
0.786500
2.579500
2.548000
2.631300
2.587900
0.771000
2.636300
3.547200
2.608300
2.513800
1.219000
2.783100
2.491500
2.588700
0.801400
0.788700
2.591500
2.603700
2.576400
2.626800
2.584700
2.628500
2.644300
2.525700
2.642800
2.592800
0.840800
2.449300
2.470300
2.679600
2.633600
2.464000
2.548000
2.554500
0.799800
2.801300
2.595900
2.653600
0.881700
2.681600
2.539600
2.551100
2.633200
2.670000
2.627000
0.789500
2.627300
2.426900
2.637300
2.120200
2.628700
0.847500
0.839400
0.786900
0.803900
2.657700
0.834900
2.734300
2.693700
2.911700
2.599300
2.782400
2.760000
2.623400
2.610700
0.831500
2.635700
2.594700
0.851200
2.935900
0.781200
2.611200
2.604200
0.794900
0.801200
2.807700
2.685800
2.631900
0.777600
0.849600
2.535400
2.995200
0.773900
0.783600
2.772900
2.629000
2.635800
2.620100
2.617000
0.777500
0.775000
2.654200
2.565500
2.567800
2.676900
2.629100
0.782800
2.128400
2.631600
2.621400
2.577800
0.803900
0.780600
0.819100
0.783500
0.792200
0.798100
0.859900
2.602300
2.563200
2.551300
2.625900
2.536100
2.580500
2.546800
0.782000
2.526800
2.147900
0.783700
1.027700
2.595100
2.546100
2.921700
0.775700
0.806200
2.584600
3.235500
2.578300
2.587500
2.736700
2.577800
0.780300
2.599200
2.562900
2.539300
2.064900
2.556600
0.785600
2.567600
2.707400
2.617200
2.602400
2.550300
2.582100
2.804300
2.686800
2.648200
2.581600
0.816500
2.620400
2.559800
1.198400
2.583000
2.517300
2.738100
2.660100
0.787300
0.770900
0.794800
2.541300
2.547900
2.905300
2.633900
2.616500
1.912800
2.575300
2.584600
2.613900
2.545400
2.649200
2.538000
2.591000
2.531900
2.575000
2.592500
2.540000
2.570000
0.789700
0.795000
2.539100
2.529500
2.478300
2.626100
2.536300
2.637900
2.589400
2.561000
0.800900
2.596700
1.234700
2.658400
0.777000
2.640500
3.372500
0.787200
2.582300
2.157000
2.626900
2.588000
0.785200
2.632700
2.680500
2.790400
2.571500
0.789800
2.528000
0.809900
2.565400
0.792500
2.046800
2.545600
2.597100
2.601200
0.843300
2.574600
0.770800
2.407800
0.768300
2.582600
2.686600
2.776400
2.634600
2.544800
2.820100
2.577100
2.511600
2.224600
1.840100
2.368400
0.775300
2.737900
0.788500
0.782500
1.200900
0.790200
2.656300
0.775000
0.777000
2.565100
0.806500
2.674900
1.281400
1.255400
0.778300
2.576900
2.779400
2.642900
2.702900
2.633300
2.646500
2.586000
2.591100
2.597200
0.784400
0.832000
2.632500
2.610900
2.604200
2.550900
2.530400
2.599700
0.786200
2.516600
0.797900
2.864500
0.788700
2.665800
2.634800
2.617100
0.926800
1.662300
2.605300
2.644500
2.569000
2.660900
0.791400
2.846300
2.692300
0.782900
0.778500
2.739900
2.626100
0.784400
0.775800
2.563700
0.936700
2.564500
2.574000
0.785100
2.616900
0.770500
0.814500
0.792200
0.806500
2.524400
1.357300
1.010600
2.650800
2.549200
2.604900
2.620600
0.771300
2.582200
2.618800
2.614800
2.545100
2.567400
0.795700
2.214400
2.621100
1.732500
0.828800
0.782700
2.637500
0.805800
0.781200
2.673600
2.677000
1.226800
0.774900
0.886500
0.780900
0.823100
0.778900
0.783200
2.615700
2.634600
2.310500
0.879200
2.573900
2.558200
2.597400
2.549800
2.632400
2.761400
2.681400
2.790900
2.869900
0.775100
2.656200
2.682200
0.770900
2.544800
2.888200
2.539500
2.631800
2.562600
2.789500
0.808300
2.698500
0.777500
0.871100
3.536000
2.674300
0.818000
0.826900
2.612600
1.625800
2.586600
0.803900
2.655500
2.650400
0.775200
0.813300
2.665800
0.776500
