8.010000
10.600000
10.660000
10.010000
10.990000
10.580000
11.700000
10.590000
9.160000
12.180000
12.080000
7.150000
7.700000
10.300000
18.830000
8.440000
8.970000
7.050000
13.130000
17.270000
22.940000
8.090000
9.960000
12.680000
21.290000
7.090000
7.360000
12.280000
11.770000
10.190000
11.520000
8.970000
10.810000
13.790000
8.700000
6.640000
8.610000
10.210000
8.910000
13.510000
8.340000
16.620000
10.720000
10.120000
7.620000
10.690000
9.850000
9.730000
11.840000
10.810000
11.410000
7.970000
9.030000
10.400000
11.840000
21.300000
11.630000
10.060000
7.740000
15.810000
20.000000
8.920000
10.250000
27.900000
12.030000
13.500000
10.430000
7.730000
25.840000
9.580000
13.050000
11.410000
9.160000
11.680000
8.610000
10.940000
8.710000
21.600000
11.430000
16.200000
9.250000
10.420000
21.450000
8.910000
12.090000
12.760000
10.920000
11.430000
12.820000
13.020000
9.960000
9.780000
15.630000
9.630000
11.990000
11.380000
10.920000
12.500000
8.540000
9.700000
7.890000
9.760000
11.500000
9.060000
8.460000
8.560000
10.540000
19.710000
13.370000
14.120000
18.630000
10.240000
23.710000
13.220000
11.250000
42.880000
14.640000
8.490000
9.760000
17.920000
9.250000
14.860000
12.790000
13.780000
10.940000
35.930000
8.540000
15.260000
17.210000
12.370000
10.590000
13.810000
10.930000
19.500000
11.050000
10.190000
11.060000
14.930000
21.540000
12.690000
9.210000
9.700000
12.600000
10.410000
15.430000
13.680000
18.130000
13.250000
11.500000
10.540000
37.470000
16.290000
7.650000
8.640000
20.870000
9.140000
9.210000
9.150000
14.560000
10.530000
14.810000
18.510000
10.580000
10.360000
9.480000
14.530000
14.560000
13.990000
47.440000
12.060000
13.630000
17.980000
11.450000
14.840000
10.810000
9.360000
7.950000
13.350000
11.560000
11.930000
9.210000
10.010000
11.550000
13.360000
9.010000
16.450000
9.650000
11.400000
8.780000
10.720000
14.380000
9.210000
15.050000
9.020000
13.810000
9.790000
10.360000
13.920000
12.040000
12.100000
9.380000
13.480000
8.960000
10.810000
23.640000
14.020000
10.020000
9.820000
12.710000
14.610000
11.040000
14.570000
17.340000
9.100000
11.360000
12.320000
11.850000
11.810000
8.950000
12.810000
8.830000
8.680000
8.460000
16.000000
14.100000
11.910000
7.920000
15.070000
13.520000
14.600000
11.240000
13.220000
10.040000
8.460000
9.240000
28.970000
17.180000
9.120000
11.820000
11.930000
12.480000
11.360000
12.850000
9.850000
11.380000
8.430000
7.910000
10.490000
11.450000
12.810000
27.750000
9.540000
14.010000
9.590000
25.640000
9.990000
12.420000
14.740000
15.480000
8.740000
13.970000
20.610000
10.770000
9.620000
14.750000
13.930000
9.430000
11.270000
15.170000
16.930000
36.060000
22.590000
14.670000
13.970000
12.960000
21.460000
8.320000
8.540000
11.960000
13.290000
12.810000
12.290000
12.260000
9.150000
15.880000
12.320000
14.320000
11.250000
13.360000
16.690000
8.460000
10.670000
20.870000
9.090000
11.020000
10.920000
21.180000
11.950000
9.500000
24.960000
10.700000
11.090000
13.260000
8.080000
10.180000
6.110000
16.450000
11.540000
11.630000
10.600000
13.100000
11.220000
31.220000
10.370000
10.300000
11.950000
14.060000
12.960000
9.170000
30.830000
14.710000
9.080000
9.190000
28.240000
11.330000
6.460000
7.280000
11.630000
13.380000
14.080000
15.330000
12.160000
10.710000
13.090000
87.660000
13.750000
25.300000
8.710000
18.690000
13.640000
12.300000
11.090000
18.370000
12.190000
12.670000
34.130000
11.840000
21.790000
12.040000
12.490000
20.460000
10.830000
19.750000
13.270000
11.320000
13.980000
13.360000
11.320000
9.940000
8.320000
11.240000
13.040000
9.560000
14.240000
10.780000
13.650000
9.820000
12.120000
9.030000
21.740000
18.530000
11.900000
10.330000
12.980000
32.870000
12.330000
32.040000
15.340000
12.790000
14.290000
11.340000
11.560000
11.420000
16.000000
14.300000
130.780000
15.910000
12.980000
12.730000
12.800000
11.960000
12.590000
13.580000
12.620000
14.450000
11.630000
13.160000
12.500000
14.010000
12.970000
13.090000
13.090000
12.350000
67.370000
13.130000
11.480000
13.410000
10.820000
9.280000
11.150000
18.290000
9.530000
13.790000
10.810000
24.600000
9.250000
12.950000
9.470000
59.340000
13.330000
10.450000
21.520000
13.790000
15.650000
13.840000
11.250000
15.270000
11.650000
11.910000
11.190000
10.440000
19.210000
11.370000
33.820000
12.300000
9.030000
10.950000
22.360000
9.240000
12.270000
14.440000
24.000000
13.110000
12.510000
9.890000
14.610000
10.870000
29.570000
11.400000
11.500000
11.930000
46.940000
19.330000
11.180000
15.290000
15.590000
12.700000
12.150000
11.310000
10.680000
8.210000
8.620000
16.860000
9.530000
13.240000
11.800000
14.120000
12.820000
9.310000
11.230000
21.890000
8.310000
16.220000
12.730000
13.180000
11.840000
13.080000
19.750000
17.030000
10.900000
15.870000
9.900000
8.380000
9.450000
18.510000
11.050000
28.090000
10.260000
26.650000
28.450000
41.660000
11.750000
10.100000
9.870000
9.160000
24.720000
11.170000
14.270000
14.560000
10.760000
16.930000
8.280000
23.160000
9.690000
15.540000
11.720000
16.800000
9.340000
13.350000
15.710000
11.200000
10.780000
11.390000
11.020000
15.140000
13.030000
11.320000
9.730000
13.730000
14.350000
18.230000
13.160000
9.390000
12.370000
12.470000
13.040000
10.690000
13.420000
22.890000
13.790000
9.000000
12.380000
11.490000
20.670000
11.840000
16.630000
21.030000
17.200000
11.060000
8.580000
13.540000
14.600000
9.520000
9.760000
13.770000
8.630000
11.200000
12.130000
18.840000
11.940000
10.860000
12.900000
12.640000
12.890000
20.040000
14.540000
13.290000
11.000000
9.660000
9.360000
10.580000
11.410000
11.370000
9.740000
10.820000
9.080000
11.440000
8.920000
9.620000
15.260000
9.890000
13.370000
16.090000
13.070000
17.280000
10.810000
13.230000
10.620000
18.520000
8.850000
18.560000
9.860000
15.630000
15.390000
9.910000
12.700000
18.350000
14.520000
9.850000
13.720000
10.500000
18.260000
11.650000
43.000000
11.890000
15.270000
29.180000
17.270000
25.040000
19.950000
9.510000
10.520000
21.380000
11.420000
9.310000
12.310000
23.120000
12.530000
16.230000
7.370000
13.490000
8.610000
8.400000
11.000000
12.960000
9.020000
9.000000
22.450000
12.070000
17.460000
11.770000
11.690000
14.920000
8.840000
9.470000
9.050000
29.800000
11.020000
12.620000
16.800000
10.550000
9.620000
11.530000
11.630000
36.780000
10.450000
11.420000
11.400000
14.940000
10.870000
10.670000
9.990000
16.020000
13.680000
13.600000
15.280000
11.100000
15.610000
10.210000
29.350000
12.340000
10.600000
24.740000
8.040000
11.190000
8.110000
13.250000
10.910000
11.280000
16.460000
9.680000
11.150000
17.950000
7.870000
10.570000
9.940000
8.820000
8.920000
11.160000
8.930000
12.300000
8.540000
11.820000
12.400000
11.080000
39.010000
8.540000
9.150000
11.180000
11.350000
10.790000
12.420000
8.150000
11.810000
17.400000
10.990000
9.090000
11.800000
11.510000
15.620000
13.870000
13.010000
9.660000
7.350000
7.120000
11.970000
8.690000
12.070000
12.760000
17.610000
8.800000
10.370000
28.690000
19.390000
11.630000
12.990000
10.890000
16.650000
20.630000
8.140000
8.370000
9.080000
13.220000
13.850000
11.030000
40.530000
10.790000
14.250000
8.340000
12.600000
12.480000
11.680000
11.830000
12.610000
16.340000
9.680000
8.170000
13.610000
15.600000
8.190000
11.650000
35.540000
13.180000
12.120000
6.890000
18.120000
9.190000
19.550000
8.850000
23.450000
11.020000
12.910000
10.370000
11.490000
10.250000
11.690000
17.020000
11.000000
12.070000
11.240000
11.210000
19.780000
9.880000
9.630000
12.690000
14.450000
9.280000
11.180000
9.590000
9.260000
11.340000
19.750000
15.100000
8.640000
14.920000
15.200000
10.130000
14.940000
19.570000
16.870000
11.960000
12.560000
13.330000
15.520000
13.020000
13.980000
13.180000
14.700000
22.050000
11.490000
15.110000
20.710000
13.700000
10.780000
19.990000
12.080000
9.540000
11.700000
13.980000
11.800000
12.730000
10.810000
13.010000
8.660000
12.890000
10.010000
11.090000
14.010000
15.760000
10.800000
12.850000
21.970000
13.760000
12.360000
15.990000
13.750000
17.560000
12.430000
14.030000
15.670000
10.550000
9.320000
11.390000
17.260000
13.620000
12.120000
10.670000
12.530000
7.970000
9.850000
13.540000
11.120000
9.360000
10.920000
8.780000
9.530000
10.670000
12.560000
11.170000
11.830000
25.110000
11.960000
8.640000
11.930000
11.010000
31.220000
11.320000
12.620000
19.960000
10.530000
21.350000
14.920000
14.780000
10.960000
15.940000
13.800000
11.730000
36.270000
15.450000
8.750000
12.810000
12.600000
11.880000
10.310000
13.170000
12.440000
11.420000
11.340000
14.200000
12.890000
10.040000
11.860000
16.610000
9.480000
17.960000
10.210000
8.560000
10.080000
14.400000
14.410000
8.840000
20.750000
11.890000
17.210000
7.660000
22.230000
10.910000
10.640000
9.730000
10.820000
11.640000
12.080000
22.850000
17.190000
16.350000
13.570000
31.910000
13.520000
12.360000
11.520000
10.350000
20.620000
14.770000
12.040000
10.520000
20.240000
11.230000
12.170000
12.930000
8.040000
9.150000
11.050000
18.480000
14.480000
12.740000
11.080000
28.860000
10.960000
10.240000
17.370000
12.210000
10.060000
7.450000
11.390000
12.100000
8.420000
13.270000
10.930000
12.080000
6.650000
7.740000
14.040000
10.520000
14.640000
10.550000
10.570000
11.460000
17.310000
10.320000
9.850000
12.390000
11.470000
13.600000
9.390000
21.960000
12.940000
11.600000
10.850000
15.640000
11.380000
8.890000
10.620000
10.900000
13.670000
12.310000
14.350000
11.920000
11.920000
13.250000
13.290000
11.500000
9.830000
22.160000
13.690000
9.910000
8.520000
13.960000
12.530000
11.380000
24.350000
13.090000
14.130000
10.640000
17.930000
11.360000
10.010000
11.830000
11.580000
15.700000
10.970000
11.850000
15.290000
13.680000
12.580000
11.080000
14.700000
11.800000
15.040000
11.690000
18.350000
12.120000
9.250000
9.590000
8.720000
10.030000
14.180000
22.440000
15.000000
25.120000
24.740000
11.940000
11.350000
12.180000
21.280000
17.280000
11.020000
14.460000
9.500000
9.780000
7.310000
