707.000000
76294.000000
245013.000000
251226.000000
167019.000000
292306.000000
419682.000000
482350.000000
292487.000000
388800.000000
380190.000000
480290.000000
500097.000000
577015.000000
541174.000000
540991.000000
793515.000000
750770.000000
684571.000000
874541.000000
701913.000000
765370.000000
905049.000000
845662.000000
846295.000000
911504.000000
967061.000000
941228.000000
952132.000000
884557.000000
1007252.000000
1187314.000000
1064464.000000
1115407.000000
1056925.000000
1876353.000000
1273733.000000
1196023.000000
2179410.000000
1364320.000000
1290623.000000
1376215.000000
1378889.000000
1577817.000000
1435102.000000
1756423.000000
1535244.000000
1494914.000000
1581057.000000
1691173.000000
1613913.000000
1576089.000000
1838599.000000
1879226.000000
1884483.000000
1621536.000000
1873148.000000
1934781.000000
2219981.000000
2017038.000000
2164712.000000
2015432.000000
2772126.000000
2467285.000000
2214801.000000
2659309.000000
2964122.000000
3812073.000000
2676854.000000
3127905.000000
2345485.000000
2362881.000000
2300232.000000
2319865.000000
2440011.000000
2484859.000000
2584177.000000
2734197.000000
2669179.000000
2605329.000000
2690590.000000
2643546.000000
2783054.000000
2654479.000000
3369123.000000
2784735.000000
3245232.000000
2913539.000000
3070433.000000
2844090.000000
3040625.000000
3134117.000000
3655860.000000
3235542.000000
3116920.000000
3667594.000000
3203487.000000
3407929.000000
3316919.000000
3274897.000000
3897739.000000
